5.301455145179328E-5 76.74175887192042 0.0
0.26468723251494347 76.6593016810533 0.0
0.5284246117180063 76.57401948469288 0.0
0.7912353620158395 76.48592312660188 0.0
1.0530898436885625 76.3950237877763 0.0
1.3139585718088997 76.30133298425622 0.0
1.5738122205795289 76.20486256488259 0.0
1.8326216276389045 76.10562470898175 0.0
2.090357798335203 76.00363192400319 0.0
2.346991909967137 75.89889704308555 0.0
2.602495315991048 75.79143322257168 0.0
2.856839550193477 75.68125393946018 0.0
3.1099963308284 75.56837298880149 0.0
3.361937564718125 75.4528044810322 0.0
3.6126353513176706 75.33456283925962 0.0
3.8620619867409953 75.21366279647992 0.0
4.110189967748976 75.0901193927463 0.0
4.356991995698275 74.96394797227987 0.0
4.602440980450123 74.83516418052618 0.0
4.846510044238226 74.7037839611531 0.0
5.089172525495603 74.56982355299944 0.0
5.330401982639094 74.43329948696903 0.0
5.570172197810961 74.29422858286975 0.0
5.808457180576593 74.1526279461976 0.0
6.045231171579028 74.00851496488069 0.0
6.28046864614712 73.86190730595696 0.0
6.514144317859093 73.71282291221101 0.0
6.746233142059353 73.56127999875905 0.0
6.97671031932838 73.40729704958154 0.0
7.2055512989052914 73.25089281401172 0.0
7.432731782061906 73.09208630317279 0.0
7.658227725427811 72.93089678636889 0.0
7.882015344266557 72.7673437874307 0.0
8.104071115700853 72.60144708101022 0.0
8.324371781887958 72.43322668883576 0.0
8.542894353143526 72.26270287592182 0.0
8.759616111013406 72.08989614673011 0.0
8.97451461129327 71.9148272412936 0.0
9.1875676869952 71.7375171312922 0.0
9.398753451260774 71.55798701609095 0.0
9.608050300220482 71.37625831873663 0.0
9.815436915797912 71.19235268190992 0.0
10.020892268459729 71.00629196384486 0.0
10.224395619909384 70.81809823420251 0.0
10.42592652572547 70.6277937699099 0.0
10.625464837943044 70.43540105096358 0.0
10.822990707578793 70.24094275619406 0.0
11.018484587097737 70.04444175899141 0.0
11.211927232822784 69.84592112300037 0.0
11.403299707286594 69.64540409778245 0.0
11.592583381523374 69.44291411443784 0.0
11.779759937303062 69.23847478120108 0.0
11.964811369305512 69.03210987900289 0.0
12.147719987234886 68.82384335699876 0.0
12.328468417873735 68.61369932806873 0.0
12.507039607076955 68.40170206428662 0.0
12.683416821705368 68.1878759923652 0.0
12.857583651497201 67.97224568906768 0.0
13.029524010878404 67.75483587659247 0.0
13.199222140712205 67.53567141793484 0.0
13.366662609985038 67.31477731222175 0.0
13.531830317432119 67.09217869002057 0.0
13.694710493098837 66.86790080862718 0.0
13.855288699840749 66.64196904732667 0.0
14.0135508347598 66.41440890263581 0.0
14.169483130577811 66.18524598352238 0.0
14.323072156946326 65.95450600660305 0.0
14.474304821693005 65.7222147913224 0.0
14.62316837200526 65.48839825511571 0.0
14.76965039554795 65.25308240854679 0.0
14.913738821520225 65.01629335043924 0.0
15.05542192164487 64.77805726297848 0.0
15.194688311095591 64.53840040680593 0.0
15.331526949360416 64.29734911610228 0.0
15.465927141039096 64.0549297936468 0.0
15.59787853657735 63.81116890587057 0.0
15.727371132935664 63.56609297789292 0.0
15.854395274194932 63.319728588552834 0.0
15.97894165209612 63.07210236542135 0.0
16.101001306517468 62.82324097981417 0.0
16.220565625884298 62.57317114178446 0.0
16.3376263475169 62.3219195951133 0.0
16.452175557914035 62.06951311229741 0.0
16.564205692969345 61.815978489518805 0.0
16.673709538126857 61.56134254161841 0.0
16.78068022847037 61.30563209706102 0.0
16.885111248749517 61.048873992895956 0.0
16.986996433340654 60.791095069714615 0.0
17.08632996614659 60.532322166607074 0.0
17.183106380429695 60.27258211611449 0.0
17.27732055858368 60.01190173918194 0.0
17.368967731841167 59.75030784011194 0.0
17.458043479918285 59.487827201515486 0.0
17.544543730596565 59.224486579268316 0.0
17.628464759242323 58.96031269746606 0.0
17.70980318826314 58.69533224338444 0.0
17.78855598650281 58.429571862440724 0.0
17.864720468574614 58.16305815316246 0.0
17.93829429413319 57.89581766215987 0.0
18.009275467083345 57.62787687910252 0.0
18.07766233473113 57.359262231705934 0.0
18.143453586872162 57.090000080721694 0.0
18.206648254820635 56.82011671493837 0.0
18.267245710378873 56.54963834619057 0.0
18.32524566474671 56.278591104375316 0.0
18.380648167372513 56.0070010324806 0.0
18.433453604746365 55.734894081624454 0.0
18.48366269913375 55.46229610610349 0.0
18.531276507253228 55.18923285845578 0.0
18.576296418896558 54.915729984535076 0.0
18.61872415549194 54.6418130185979 0.0
18.65856176861179 54.36750737840613 0.0
18.6958116384243 54.09283836034135 0.0
18.730476472091983 53.81783113453792 0.0
18.76255930211343 53.54251074002726 0.0
18.792063484613813 53.26690207990305 0.0
18.818992697580192 52.99102991649918 0.0
18.84335093904615 52.71491886658694 0.0
18.86514252522423 52.43859339659104 0.0
18.88437208858674 52.162077817820624 0.0
18.90104457589698 51.88539628172311 0.0
18.91516524618979 51.60857277515345 0.0
18.926739668705334 51.33163111566823 0.0
18.93577372077188 51.054594946832694 0.0
18.942273585644262 50.77748773355775 0.0
18.946245750293304 50.50033275744928 0.0
18.947697003151546 50.223153112185166 0.0
18.946634431813173 49.94597169891201 0.0
18.943065420689464 49.668811221662445 0.0
18.93699764862256 49.39169418279873 0.0
18.92843908645666 49.11464287847734 0.0
18.917397994567008 48.83767939413679 0.0
18.90388292035042 48.56082560001012 0.0
18.887902695674565 48.28410314665963 0.0
18.869466434291457 48.007533460539584 0.0
18.84858352921189 47.73113773957916 0.0
18.825263650044562 47.454936948791975 0.0
18.799516740299623 47.17895181591152 0.0
18.771353014659404 46.90320282704991 0.0
18.74078295621608 46.62771022238513 0.0
18.70781731367681 46.35249399186896 0.0
18.672467098539883 46.077573870965026 0.0
18.634743582241093 45.802969336410115 0.0
18.594658293272477 45.52869960200292 0.0
18.552223014274716 45.254783614417306 0.0
18.507449779103535 44.98124004904257 0.0
18.460350869873132 44.708087305849226 0.0
18.410938813977616 44.43534350528165 0.0
18.359226381089833 44.1630264841759 0.0
18.30522658014177 43.89115379170293 0.0
18.248952656287216 43.619742685339865 0.0
18.190418087846684 43.348810126864954 0.0
18.12963658323935 43.07837277838041 0.0
18.06662207789887 42.80844699835727 0.0
18.001388731180867 42.53904883771023 0.0
17.93395092325828 42.2701940358953 0.0
17.864323252008298 42.00189801703078 0.0
17.79252052989514 41.734175886047616 0.0
17.718557780845806 41.467042424859805 0.0
17.642450237124383 41.20051208856193 0.0
17.56421333620527 40.93459900164843 0.0
17.483862717648062 40.669316954258925 0.0
17.401414219975443 40.40467939844571 0.0
17.316883877556194 40.14069944446245 0.0
17.230287917496003 39.87738985707872 0.0
17.14164275653793 39.61476305191255 0.0
17.05096499797484 39.352831091788026 0.0
16.958271428576822 39.09160568311213 0.0
16.863579015533823 38.831098172272476 0.0
16.766904903418947 38.5713195420539 0.0
16.668266411172915 38.31228040807625 0.0
16.567681029113114 38.053991015250716 0.0
16.465166415968973 37.79646123425204 0.0
16.360740395948284 37.53970055801104 0.0
16.25442095583528 37.283718098221975 0.0
16.14622624212437 37.02852258186702 0.0
16.036174558193615 36.774122347755736 0.0
15.924284361517657 36.52052534307841 0.0
15.81057426092844 36.267739119974735 0.0
15.695063013922267 36.01577083211475 0.0
15.577769524018853 35.76462723129115 0.0
15.458712838176403 35.514314664024276 0.0
15.337912144264202 35.26483906817589 0.0
15.215386768599798 35.01620596957508 0.0
15.091156173550367 34.76842047864946 0.0
14.965239955206824 34.5214872870673 0.0
14.837657841131007 34.2754106643846 0.0
14.708429688182974 34.030194454698204 0.0
14.577575480430346 33.785842073303186 0.0
14.445115327148043 33.54235650335816 0.0
14.311069460907431 33.29974029254581 0.0
14.17545823576663 33.05799554974367 0.0
14.03830212556098 32.817123941689566 0.0
13.89962172230276 32.57712668965077 0.0
13.759437734693753 32.33800456608957 0.0
13.617770986757803 32.099757891328956 0.0
13.474642416597849 31.862386530214422 0.0
13.330073075283826 31.62588988877114 0.0
13.184084125877812 31.390266910856557 0.0
13.036696842604014 31.155516074808432 0.0
12.887962499251701 30.921682079379792 0.0
